   0.000  200.000
   5.000  159.923
  10.000  151.717
  15.000  149.877
  20.000  147.590
  25.000  151.895
  30.000  153.648
  35.000  153.894
  40.000  153.452
  45.000  158.213
  50.000  157.923
  55.000  157.490
  60.000  160.533
  65.000  160.972
  70.000  167.437
  75.000  167.680
  80.000  172.811
  85.000  175.751
  90.000  177.436
  95.000  182.070
 100.000  185.195
 105.000  188.980
 110.000  194.008
 115.000  196.677
 120.000  198.497
 125.000  202.844
 130.000  202.850
 135.000  201.001
 140.000  199.504
 145.000  195.765
 150.000  188.741
 155.000  183.742
 160.000  173.026
 165.000  160.160
 170.000  141.818
 175.000  121.739
 180.000   98.000
 185.000   72.761
 190.000   47.874
 195.000   29.320
 200.000   18.005
 205.000   12.148
 210.000    6.653
 215.000    1.685
 220.000    0.979
 225.000    0.897
 230.000    0.375
 235.000    0.079
 240.000    0.004
 245.000    0.000
 250.000    0.0001
