 0.000    1.250
   5.000    1.250
  10.000    1.250
  15.000    1.400
  20.000    1.700
  25.000    2.000
  30.000    2.300
  35.000    2.600
  40.000    2.900
  45.000    3.200
  50.000    3.500
  55.000    3.800
  60.000    4.100
  65.000    4.400
  70.000    4.700
  75.000    5.000
  80.000    5.300
  85.000    5.600
  90.000    5.900
  95.000    6.200
 100.000    6.500
 105.000    6.800
 110.000    7.100
 115.000    7.400
 120.000    7.700
 125.000    8.000
 130.000    8.300
 135.000    8.600
 140.000    8.900
 145.000    9.200
 150.000    9.500
 155.000    9.800
 160.000    10.100
 165.000   10.400
 170.000   10.700
 175.000   11.000
 180.000   11.300
 185.000   11.600
 190.000   11.900
 195.000   12.200
 200.000   12.500
 205.000   12.800
 210.000   13.100
 215.000   13.400
 220.000   13.700
 225.000   14.000
 230.000   14.300
 235.000   14.600
 240.000   14.900
 245.000   15.200
 250.000   15.500