0.05	31.031151832460733	74.89458420968415
0.1	31.07007334639325	72.66953274443654
0.15	31.106998151429366	72.96097024478217
0.2	31.148833375849087	75.07964907836953
0.25	31.200688917053842	78.43681116759319
0.3	31.26512587541339	80.41234660493262
0.35000000000000003	31.341569505536505	81.31688809764213
0.4	31.429462878044763	530.1625821578106
0.45	32.41653134297417	539.8056195991805
0.5	33.5526072015558	524.7153899632822
0.55	34.7984278456115	82.19009031542112
0.6	34.93501269042024	81.34108300690258
0.65	35.08616250775004	79.23788111840386
0.7000000000000001	35.24969454768076	79.11557232900572
0.75	35.432252901645036	79.89438436462468
0.8	35.62756025732189	81.80976256082226
0.85	35.841716604927925	82.98472774670977
0.9	36.07261363058995	83.6569962112178
0.9500000000000001	36.31895216805688	84.94748050694602
1.0	36.58530189402997	85.65774337711542
