# Req(m)	 Velocity (m/s)	 h(W/m^2*ºC)	 Temperatura(ºC) 
0.18	0.10739685421	0.354291221142
0.11005520691	0.349376834878
0.11271355961	0.344773253066
0.11537191231	0.340460942391
0.11803026501	0.336422928724
0.12068861771	0.332643948535
0.12334697041	0.329109201505
0.125415512864	0.326515882986
0.127300850824	0.32426951462
0.129186188784	0.322133025398
0.131071526744	0.319985899473
0.132956864704	0.31795169979
0.134842202664	0.316030943408
0.136727540624	0.314296109959
0.138612878584	0.312653686602
0.140498216544	0.311101158242
0.142383554504	0.309636185995
0.144268892464	0.308256284994
0.14484	0.307852158992
0.14484	0.307848306893
